9
9
0
0
None
1061
9
1401
None
None
9
9
2421
2421
9
None
2810
None
None
9
0
None
9
None
0
4770
5408
6211
9
9
None
7137
None
7649
None
0
0
9
None
None
None
0
None
9
11014
7847
None
12563
None
None
None
9
9
None
None
None
14593
9
15343
9
None
15546
16279
17025
0
9
9
16593
None
9
9
None
18130
0
0
19257
9
None
14082
19781
3594
None
20898
9315
16088
None
0
None
9
0
9
None
None
None
3454
9
None
542
0
None
9
0
9
9
9
9
None
23715
12941
0
0
0
26797
0
13954
0
0
26797
26797
0
8372
None
0
0
None
23558
0
3951
0
0
0
9
6891
0
16023
0
0
9
0
9
16279
0
0
0
0
0
0
0
18825
467
18501
0
None
0
0
21685
0
4708
0
None
0
0
26797
7753
19384
26004
0
0
13344
0
1487
12229
None
0
None
None
0
2015
0
9
None
9
0
22926
0
0
0
1927
14667
0
0
0
5826
None
2307
None
0
0
0
0
None
13954
0
9
9
0
9
4543
0
18213
26797
0
12875
0
10237
0
0
0
0
1151
26797
23932
0
14757
0
0
0
0
13022
0
0
None
24657
7847
0
0
22605
0
None
None
0
0
0
0
24236
0
0
0
5545
9
0
0
None
0
0
0
0
None
0
26797
5952
1355
None
10518
0
19618
0
1927
0
22926
0
0
None
26797
0
25803
0
0
0
0
26237
0
17567
0
0
0
0
9
0
0
10047
0
0
0
0
0
0
0
0
9
0
25254
0
26797
0
22605
0
24877
0
0
0
2547
0
0
None
0
0
26797
0
9
0
0
9
0
0
0
13022
None
None
None
14128
0
8115
9
None
None
0
0
10776
0
14355
0
9
0
None
0
None
0
22605
None
7412
